"x"	"y"	"resp"
"1"	2575013.3311	1122111.5329	0
"2"	2575603.7104	1122200.7868	0
"3"	2575800.8675	1122501.846	0
"4"	2575963.4383	1123411.0226	0
"5"	2576600.9441	1123898.3997	0
"6"	2576974.4669	1123426.2708	1
"7"	2577188.3401	1123302.4174	0
"8"	2576497.1082	1123185.8567	0
"9"	2576145.0562	1122861.8259	1
"10"	2576073.8232	1122944.3345	0
"11"	2579149.7452	1126813.5976	0
"12"	2579299.7442	1127000.0428	0
"13"	2579493.3483	1127048.1838	0
"14"	2579599.8725	1127302.4994	1
"15"	2580699.1588	1127020.2586	0
"16"	2580806.114	1127042.4684	0
"17"	2580735.2118	1126895.3131	0
"18"	2580599.3376	1126794.577	0
"19"	2581000.1666	1126549.972	1
"20"	2581187.6283	1126615.6967	0
"21"	2580927.5688	1126330.8777	0
"22"	2580263.6145	1126292.7062	0
"23"	2580320.3861	1126279.9589	0
"24"	2580380.367	1126279.5304	0
"25"	2580600.1465	1126400.2661	0
"26"	2580699.8035	1126299.8035	1
"27"	2580951.19	1126107.3433	0
"28"	2580927.8202	1126009.7547	0
"29"	2580699.8711	1126000.3996	0
"30"	2580602.1508	1125896.6998	0
"31"	2580384.4975	1126009.667	1
"32"	2580200.4586	1125803.7894	1
"33"	2580000.4961	1125598.5311	1
"34"	2580199.4719	1125400.1569	1
"35"	2580292.0372	1125168.1028	0
"36"	2580097.7917	1125000.7506	0
"37"	2579980.0352	1125113.5502	0
"38"	2579874.5694	1125137.3439	0
"39"	2577999.4345	1124697.538	0
"40"	2578624.075	1124899.5749	0
"41"	2578684.8021	1124961.2664	0
"42"	2578592.8395	1125101.3563	0
"43"	2578352.4442	1125122.9032	1
"44"	2578004.1263	1125329.2256	0
"45"	2577800.6356	1125299.0633	1
"46"	2579001.5163	1125097.9478	0
"47"	2579206.2457	1125077.9729	0
"48"	2579207.6281	1125089.7566	0
"49"	2577349.4261	1124600.8853	0
"50"	2579600.4604	1125797.9382	1
"51"	2579499.2922	1125899.3715	1
"52"	2579300.4247	1125801.8646	0
"53"	2579059.8314	1125383.946	0
"54"	2578924.8455	1125419.5628	0
"55"	2578843.3024	1125479.1874	1
"56"	2578659.1555	1125442.2173	0
"57"	2578501.6669	1125401.3768	0
"58"	2578550.8767	1125700.4893	0
"59"	2578753.6985	1125898.8448	0
"60"	2579099.775	1126315.3689	1
"61"	2574604.5215	1122198.8369	0
"62"	2573712.4702	1120866.6967	0
"63"	2573900.296	1119997.3958	0
"64"	2573101.2873	1119599.2378	0
"65"	2572789.5828	1119198.7523	1
"66"	2572399.1433	1119199.7206	1
"67"	2576115.7258	1134220.9528	0
"68"	2575426.4932	1134601.2075	0
"69"	2574402.1232	1133861.6077	0
"70"	2572950.1338	1134924.3126	0
"71"	2573176.0015	1135108.5807	0
"72"	2573561.2614	1134383.0631	0
"73"	2573299.7525	1134526.8559	0
"74"	2570882.9879	1134939.0235	0
"75"	2570500.8225	1134776.3009	0
"76"	2570899.3078	1135197.8078	0
"77"	2570288.5766	1136046.1258	0
"78"	2570801.0524	1135748.795	0
"79"	2563090.066	1132343.6355	0
"80"	2562926.1778	1133268.9851	0
"81"	2562785.6199	1133273.0194	0
"82"	2563837.7215	1133818.5303	0
"83"	2564766.2013	1133707.0966	0
"84"	2564607.9645	1133294.5335	0
"85"	2564195.3397	1133001.0535	0
"86"	2569772.6763	1134295.7668	0
"87"	2569189.7541	1133408.4336	0
"88"	2565175.1268	1131250.993	0
"89"	2570000.7269	1133871.5243	0
"90"	2569920.8121	1133567.0104	0
"91"	2569382.0189	1133057.6105	0
"92"	2568571.2541	1132128.2863	0
"93"	2570266.7914	1134008.3768	0
"94"	2571195.6408	1133858.1929	0
"95"	2570547.5916	1133547.9567	0
"96"	2570196.9297	1133319.4822	0
"97"	2570524.8045	1133194.9157	0
"98"	2570607.0198	1132299.1146	0
"99"	2571486.2376	1132712.6229	0
"100"	2572622.6892	1133432.9944	0
"101"	2572200.589	1133801.2357	0
"102"	2572709.381	1134192.2651	0
"103"	2569497.2143	1131644.4406	0
"104"	2569399.6892	1131500.7565	0
"105"	2568324.8053	1130397.3276	0
"106"	2571895.5861	1133907.054	0
"107"	2572981.9553	1133782.8484	0
"108"	2569792.4778	1133252.8741	0
"109"	2562698.6211	1134994.3843	0
"110"	2562655.5149	1135794.4169	0
"111"	2567930.1024	1134232.6411	0
"112"	2567537.1393	1133153.1047	0
"113"	2566836.2992	1131826.1926	0
"114"	2566766.0767	1121183.797	0
"115"	2567203.3078	1121302.1182	0
"116"	2566799.3368	1120793.4231	0
"117"	2567217.6233	1119962.4089	0
"118"	2567375.3364	1120135.1665	0
"119"	2567586.6053	1119886.1849	0
"120"	2567739.4615	1119991.907	0
"121"	2567007.1444	1119417.1072	0
"122"	2566921.4476	1119499.6773	0
"123"	2567499.3177	1119299.0812	0
"124"	2567397.3015	1119101.6429	0
"125"	2568001.3244	1119898.7678	0
"126"	2567899.9408	1119898.2062	0
"127"	2568300.4761	1119696.012	0
"128"	2568201.9634	1119602.3289	0
"129"	2567795.868	1120798.2051	0
"130"	2568299.749	1121200.203	0
"131"	2571792.1437	1123191.0637	0
"132"	2568863.8803	1124987.9058	0
"133"	2569402.7994	1124255.3968	0
"134"	2569700.6051	1124099.2706	0
"135"	2570000.025	1124099.6119	0
"136"	2572928.9306	1125718.6484	0
"137"	2570601.5092	1126399.4243	0
"138"	2571654.5467	1127137.9755	0
"139"	2568199.1877	1126923.4638	0
"140"	2568462.8134	1126714.835	0
"141"	2568699.3651	1126298.9897	0
"142"	2568343.2988	1126100.0946	0
"143"	2568045.8793	1125798.7409	0
"144"	2569599.4605	1121999.4724	0
"145"	2571122.4981	1124203.0004	0
"146"	2571573.1105	1123826	0
"147"	2572997.0672	1122669.9799	0
"148"	2572945.4141	1123049.9792	0
"149"	2572198.7381	1124600.0514	0
"150"	2572681.9752	1125041.7817	0
"151"	2572202.5095	1124701.7128	0
"152"	2577699.9938	1127074.0341	0
"153"	2566898.7591	1128704.9746	0
"154"	2567033.3263	1128732.9634	0
"155"	2567443.2998	1128795.92499999	0
"156"	2568002.0673	1128000.9629	0
"157"	2569848.0637	1128505.0723	0
"158"	2573297.1372	1122711.8246	0
"159"	2574338.9191	1120264.9366	0
"160"	2574493.8254	1120197.7897	0
"161"	2574300	1119800	1
"162"	2571096.688	1120205.1392	1
"163"	2571275.3933	1120622.951	1
"164"	2570971.9841	1121569.0364	0
"165"	2570875.0776	1121802.9905	0
"166"	2574998.6062	1121895.3921	0
"167"	2574725.0364	1121175.4195	1
"168"	2570375.4895	1121675.136	0
"169"	2570709.9932	1122287.5764	0
"170"	2576670.6241	1126212.8256	0
"171"	2576310.1678	1126305.8035	0
"172"	2573600.04	1124274.2375	0
"173"	2577503.2217	1127204.6032	0
"174"	2578429.2296	1126929.9267	0
"175"	2578439.0637	1127104.0508	0
"176"	2578454.8555	1127133.8725	0
"177"	2578480.6942	1127198.9559	0
"178"	2578626.9149	1127191.4654	0
"179"	2578598.0872	1126794.4394	0
"180"	2578224.5114	1126575.1139	1
"181"	2578059.8816	1126492.4142	0
"182"	2578037.838	1126409.0006	0
"183"	2577953.5468	1126367.463	0
"184"	2577876.8193	1126293.1467	0
"185"	2577799.6507	1126297.1393	0
"186"	2579022.3726	1126207.708	0
"187"	2578957.2354	1126397.5568	0
"188"	2578967.105	1126449.3357	0
"189"	2579225.0232	1126601.599	0
"190"	2579713.2796	1126380.5197	0
"191"	2579850.9367	1126387.0533	0
"192"	2579856.0752	1126390.8625	0
"193"	2579966.3672	1126392.8233	1
"194"	2580671.0965	1126348.2219	0
"195"	2580710.0295	1126346.9455	0
"196"	2580307.9556	1125895.4994	0
"197"	2580101.3854	1125999.6983	0
"198"	2579801.1111	1125899.6165	1
"199"	2579896.4671	1125666.4941	1
"200"	2579975.3244	1125451.3923	0
"201"	2579498.3631	1126100.4591	0
"202"	2579600.5889	1126198.4841	0
"203"	2578097.1295	1126797.2609	0
"204"	2575300.0228	1124699.7929	0
"205"	2576498.0183	1125301.8667	0
"206"	2576485.0423	1125157.3866	0
"207"	2575526.4145	1124591.0751	0
"208"	2575302.9153	1124296.5263	1
"209"	2575299.4944	1121901.5143	0
"210"	2577001.7864	1125736.8176	1
"211"	2577095.0181	1125562.8529	1
"212"	2577191.1298	1125437.9397	0
"213"	2577231.7775	1125336.8814	1
"214"	2577903.232	1125558.8563	1
"215"	2577596.7646	1125602.2885	1
"216"	2579864.4481	1125055.2707	1
"217"	2579899.227	1125101.442	1
"218"	2579935.0834	1124833.9295	0
"219"	2579903.3409	1124812.1242	0
"220"	2579838.7023	1124771.0051	0
"221"	2579484.1069	1124505.0894	0
"222"	2579281.4999	1124628.9744	0
"223"	2579398.2912	1124796.2071	0
"224"	2579842.3348	1125477.2779	0
"225"	2579503.1037	1125604.4841	0
"226"	2579321.0676	1125692.0886	0
"227"	2579004.1478	1125798.7236	0
"228"	2570652.631	1118626.3564	0
"229"	2570842.087	1118705.7757	1
"230"	2571813.1839	1118214.1201	0
"231"	2571898.2782	1118200.5151	1
"232"	2572001.4489	1118302.4229	0
"233"	2572061.3393	1118574.6873	1
"234"	2571900.0696	1117895.6223	0
"235"	2571799.3012	1117699.3752	0
"236"	2571708.7741	1117300.2577	0
"237"	2571799.4328	1117099.5515	0
"238"	2571703.2916	1116898.8338	0
"239"	2571601.9005	1116799.5592	0
"240"	2571583.003	1117803.3689	0
"241"	2571301.05	1119198.0906	1
"242"	2578934.5637	1124240.6203	0
"243"	2578985.1527	1124215.8924	0
"244"	2578998.5503	1124101.8233	0
"245"	2579126.3605	1124115.0448	0
"246"	2579132.8004	1124078.5473	0
"247"	2579229.4071	1124057.2721	0
"248"	2579098.1231	1123904.9008	0
"249"	2579169.1044	1123873.1095	0
"250"	2578998.1808	1123799.9315	0
"251"	2579011.8253	1123772.991	0
"252"	2578960.3282	1123706.4185	0
"253"	2578943.5958	1123707.70669999	0
"254"	2578929.4595	1123692.16299999	0
"255"	2578898.2906	1123699.692	0
"256"	2578822.8065	1123633.3416	0
"257"	2578799.6121	1123596.349	0
"258"	2578770.1191	1123460.3266	0
"259"	2578708.2047	1123582.2782	0
"260"	2578614.173	1123558.699	0
"261"	2578616.6623	1123647.2672	0
"262"	2578587.7946	1123645.594	0
"263"	2578564.0254	1123659.0269	0
"264"	2578505.9372	1123757.8354	1
"265"	2578728.1646	1124054.8771	0
"266"	2578146.1675	1125630.0037	0
"267"	2578399.3	1126000.6	1
"268"	2573894.0434	1118673.878	0
"269"	2573599.7001	1118504.0325	0
"270"	2573103.526	1118598.5481	0
"271"	2573105.8962	1118601.2603	0
"272"	2572500.6342	1118400.0469	1
"273"	2573152.6049	1117997.13679999	0
"274"	2572501.7049	1118104.1807	0
"275"	2572404.3597	1118198.4849	0
"276"	2572300.4074	1117997.2228	0
"277"	2572098.3213	1118101.1227	1
"278"	2575696.4467	1122695.7671	1
"279"	2577301.7171	1122199.2696	0
"280"	2577498.3244	1122000.1499	0
"281"	2577301.1517	1122003.5059	0
"282"	2577103.4991	1121999.4987	0
"283"	2576994.0119	1121800.6324	0
"284"	2577209.2515	1121724.6142	0
"285"	2573199.8095	1119600.8016	0
"286"	2572668.2248	1119795.3365	0
"287"	2572987.312	1120284.8403	0
"288"	2572902.2379	1120546.1111	1
"289"	2572299.3382	1120103.3009	0
"290"	2572324.7726	1119772.724	1
"291"	2572098.7411	1119498.922	0
"292"	2572004.8668	1118896.9273	0
"293"	2578505.152	1123280.9649	0
"294"	2578471.7879	1123241.9774	0
"295"	2578200.111	1123068.5334	0
"296"	2578100.1813	1122993.255	0
"297"	2577951.9181	1122991.8122	0
"298"	2577952.0505	1122991.2333	0
"299"	2577912.5191	1122900.8699	0
"300"	2578823.854	1123767.0495	0
"301"	2578500.7432	1124402.2827	1
"302"	2577446.4175	1124251.7254	0
"303"	2560232.6395	1147947.1055	0
"304"	2560322.9734	1148217.5823	0
"305"	2559639.5811	1147674.0956	0
"306"	2559727.5993	1148105.3806	0
"307"	2572430.6676	1131194.1223	0
"308"	2572213.3694	1131436.0851	0
"309"	2572027.9691	1130586.1129	0
"310"	2571953.8015	1130420.9881	1
"311"	2571250.5101	1131047.7964	0
"312"	2571003.7384	1130794.1549	1
"313"	2572399.8352	1130098.8406	0
"314"	2572600.0131	1129999.9271	0
"315"	2572791.2808	1130001.0412	1
"316"	2573075.8769	1130849.1519	0
"317"	2572958.702	1130702.2523	0
"318"	2573028.7995	1130424.7866	1
"319"	2573883.4131	1131043.2873	1
"320"	2572858.4045	1140979.8776	0
"321"	2571399.3104	1141299.9618	0
"322"	2570469.1997	1140697.99	0
"323"	2570099.4745	1141295.1579	0
"324"	2570195.549	1140281.1909	0
"325"	2567573.196	1138591.011	0
"326"	2567495.4725	1138403.0005	0
"327"	2567445.961	1138626.3831	0
"328"	2566927.1025	1138077.9749	0
"329"	2566805.7663	1138599.2816	0
"330"	2566360.2091	1138988.8668	0
"331"	2565582.8248	1138346.1971	0
"332"	2565499.9281	1137700.0504	0
"333"	2564749.3105	1136623.9472	0
"334"	2564128.0587	1136718.8146	0
"335"	2564005.6819	1135995.3133	0
"336"	2563672.7326	1134679.2159	0
"337"	2575699.3812	1127700.43620001	0
"338"	2575927.922	1128449.8707	0
"339"	2576399.847	1128498.3931	0
"340"	2575301.1079	1128999.1704	0
"341"	2575146.4763	1129101.3936	0
"342"	2575796.0382	1129984.5265	0
"343"	2574831.5622	1130234.9961	0
"344"	2574207.2803	1130257.0766	0
"345"	2576281.1123	1129767.7096	1
"346"	2576750.9827	1129474.4125	0
"347"	2576759.2163	1131077.9363	0
"349"	2581844.8639	1134456.4545	0
"350"	2581297.137	1134227.9244	0
"351"	2572492.6262	1137664.1536	0
"352"	2572196.527	1137698.5594	0
"353"	2572003.8579	1137399.0192	0
"354"	2571717.9397	1136891.9127	0
"355"	2571491.3464	1136704.4497	0
"356"	2571124.9589	1136374.7927	0
"357"	2571503.0207	1137302.0824	0
"358"	2572763.5452	1138492.4837	0
"359"	2573001.5851	1137034.9805	0
"360"	2573769.4514	1138667.69	0
"361"	2576598.7497	1141304.4772	0
"362"	2576899.1829	1140896.9904	0
"363"	2578799.8628	1151400.8154	0
"364"	2578763.8519	1151606.4668	0
"365"	2578798.0836	1152198.7514	0
"366"	2579103.4468	1152501.1112	0
"367"	2579304.2942	1153215.5286	0
"368"	2580000.2471	1153748.88	0
"369"	2579861.4327	1153041.1689	0
"370"	2580306.1314	1152594.851	0
"371"	2580303.1477	1151997.4151	0
"372"	2569928.2292	1146296.4328	0
"373"	2570169.0489	1146008.7919	0
"374"	2570226.6236	1145644.2767	0
"375"	2569947.0136	1145601.9947	0
"376"	2570649.7596	1145878.7288	0
"377"	2571280.0375	1145674.3293	0
"378"	2572072.9392	1144176.0528	0
"379"	2572540.4087	1144901.7538	0
"380"	2573528.3301	1145100.3316	0
"381"	2573797.8598	1144702.0199	0
"382"	2574025.2087	1144176.4058	0
"383"	2573801.6876	1144002.7483	0
"384"	2573301.4595	1143804.1083	0
"385"	2571003.5748	1146493.0669	0
"386"	2571051.1888	1146399.8669	0
"387"	2571098.2254	1146497.3743	0
"388"	2570871.1105	1147204.7726	0
"389"	2570749.313	1146998.3432	0
"390"	2571942.6744	1146126.129	0
"391"	2578146.8756	1147107.8636	0
"392"	2578499.2184	1146998.7067	0
"393"	2578843.4462	1146951.0532	0
"394"	2579502.2819	1146799.2766	0
"395"	2580001.8181	1147096.7159	0
"396"	2580305.2176	1147078.715	0
"397"	2581102.5772	1147496.4888	0
"398"	2576598.0793	1138495.4962	1
"399"	2577174.6558	1138099.918	0
"400"	2577076.1566	1137874.5444	0
"401"	2576800.1002	1137647.9868	1
"402"	2577150.0394	1137548.9389	0
"403"	2577390.7778	1137392.5434	1
"404"	2577404.8433	1137099.5742	0
"405"	2576400.8937	1139495.4862	0
"406"	2576317.057	1139872.5234	0
"407"	2575600.1539	1138700.2598	0
"408"	2575537.1491	1138612.2972	0
"409"	2577761.1124	1138755.9315	0
"410"	2578036.7093	1138218.7619	1
"411"	2577901.2149	1139199.4517	0
"412"	2579360.6604	1138513.3413	0
"413"	2580498.4919	1137599.5636	0
"414"	2580525.6476	1137224.3552	0
"415"	2580949.8422	1137675.3981	0
"416"	2581379.5444	1137749.9211	0
"417"	2581200.3408	1137900.0736	0
"418"	2579493.8024	1137398.4376	0
"419"	2578921.1741	1137373.0852	0
"420"	2578402.1966	1137444.1252	0
"421"	2578403.0501	1139196.3259	1
"422"	2577795.8824	1137395.6272	1
"423"	2578999.8814	1136501.3254	0
"424"	2578850.9041	1136647.6771	1
"425"	2578698.9154	1136498.7494	0
"426"	2578507.7763	1136447.8353	0
"427"	2578405.4463	1136698.4923	0
"428"	2578797.6557	1136096.8609	1
"429"	2579101.2506	1136303.5513	0
"430"	2579197.0444	1135997.0443	0
"431"	2579594.9761	1135895.6965	0
"432"	2579600.8226	1135998.4467	1
"433"	2579984.9535	1136034.8365	1
"434"	2580097.3029	1136400.4129	0
"435"	2568503.8008	1137897.2429	0
"436"	2568600.3103	1137698.8864	1
"437"	2568331.1508	1137531.77	1
"438"	2568401.1894	1137500.6304	1
"439"	2568180.3503	1137003.7934	1
"440"	2567443.8142	1136780.7307	1
"441"	2567377.0601	1136552.1617	1
"442"	2567199.9639	1136396.9594	0
"443"	2567024.3745	1136048.6692	0
"444"	2566900.2137	1135795.4861	0
"445"	2567773.4584	1136720.7362	1
"446"	2569696.7389	1138099.1125	0
"447"	2569751.7727	1137849.7851	1
"448"	2569920.5315	1137879.5529	0
"449"	2583295.247	1147897.6775	0
"450"	2582903.7948	1148008.6726	0
"451"	2581123.8412	1146675.0581	0
"452"	2583602.4182	1147105.8399	0
"453"	2583099.0547	1147048.9377	0
"454"	2582302.9624	1146696.1948	0
"455"	2581500.1458	1146293.535	1
"456"	2581700.8444	1147601.1345	0
"457"	2572299.0189	1120848.6371	0
"458"	2571896.8174	1120196.6546	0
"459"	2571750.409	1119855.7414	1
"460"	2579584.8032	1130582.2312	0
"461"	2580665.7621	1130608.64599999	0
"462"	2580598.7264	1130603.4084	0
"463"	2581197.65	1130126.89019999	0
"464"	2581358.2593	1130489.949	0
"465"	2581610.1866	1130056.7677	0
"466"	2581302.7812	1129892.5678	0
"467"	2581098.9454	1129846.2198	0
"468"	2579999.3522	1128698.7445	0
"469"	2579801.7829	1128598.803	0
"470"	2579500.0969	1128200.0153	0
"471"	2579400.5748	1128199.3354	0
"472"	2579601.2736	1127992.7118	0
"473"	2579001.047	1127898.5211	0
"474"	2578900.3643	1127898.63	0
"475"	2578799.9836	1128300.2133	0
"476"	2578798.6203	1128400.2294	0
"477"	2578800.7221	1128499.3144	0
"478"	2578699.0764	1128498.4025	0
"479"	2580100.2702	1130198.8045	1
"480"	2572598.786	1117600.1951	0
"481"	2572401.7326	1117699.656	0
"482"	2572401.56	1117798.8724	0
"483"	2572198.6205	1117648.6178	0
"484"	2572220.6507	1117491.1834	0
"485"	2571997.5174	1117500.5086	0
"486"	2571899.5444	1117299.6739	0
"487"	2581881.5412	1130638.5253	0
"488"	2582101.3044	1130489.6882	0
"489"	2582284.2841	1130185.7151	0
"490"	2582336.9489	1130072.3078	0
"491"	2582384.3519	1130720.1707	0
"492"	2582685.5452	1131029.324	0
"493"	2582797.5737	1131199.3219	0
"494"	2582898.7466	1131198.849	0
"495"	2582881.9604	1131370.8355	0
"496"	2582872.7046	1131378.2782	0
"498"	2582708.5617	1132001.5217	0
"499"	2582660.431	1132178.3589	0
"500"	2582973.977	1130998.2658	0
"501"	2582774.8205	1130479.0744	0
"502"	2582812.9556	1131754.8839	0
"503"	2581569.9431	1133181.9205	1
"504"	2581600.0747	1135898.2659	0
"506"	2581175.2985	1136033.1499	0
"507"	2581097.8472	1136598.43849999	1
"508"	2580398.8377	1136148.6501	0
"510"	2581974.1394	1135222.9848	1
"511"	2580595.3533	1133306.8229	0
"512"	2565653.5669	1141708.1974	0
"513"	2565099.1087	1142291.0124	0
"514"	2565557.0104	1142372.2841	0
"515"	2565398.2123	1142472.8051	0
"516"	2564610.5936	1142486.9182	0
"517"	2564477.7047	1142335.6067	0
"518"	2564400.8667	1142099.3393	0
"519"	2566187.0318	1142636.2228	0
"520"	2565990.2392	1142203.1215	0
"521"	2578797.4674	1132071.344	0
"522"	2569300.4096	1141800.8567	0
"523"	2568802.3254	1142301.0869	0
"524"	2568420.9111	1142836.9845	0
"525"	2568124.5716	1143348.0697	0
"526"	2567681.0093	1143735.7547	0
"527"	2568017.3419	1143050.5632	0
"528"	2567801.3824	1142493.3521	0
"529"	2568100.0327	1142094.3987	0
"530"	2570071.4297	1142092.2629	0
"531"	2555899.1098	1148997.8677	0
"532"	2556262.8984	1149657.5561	0
"533"	2556686.0196	1150641.38180001	0
"534"	2557764.2686	1151667.5819	0
"535"	2558221.5267	1151778.2608	0
"536"	2557993.9878	1150753.9973	0
"537"	2557682.7084	1150420.42	0
"538"	2556700.1216	1149124.5994	0
"539"	2556725.5721	1149800.1513	0
"540"	2555208.641	1148743.226	0
"541"	2555805.3118	1146494.7227	0
"542"	2556699.1174	1145396.5285	0
"543"	2556074.2968	1145995.4482	0
"544"	2556094.8727	1147395.0581	0
"545"	2556499.7096	1147400.9169	0
"546"	2556973.1594	1147972.837	0
"547"	2557398.3109	1148598.5648	0
"548"	2557699.1148	1149447.0383	0
"549"	2557747.0447	1149726.9504	0
"553"	2559682.1787	1150844.607	0
"554"	2558229.8954	1148295.7298	0
"555"	2559405.5924	1146676.1998	0
"556"	2559037.4232	1146685.2114	0
"557"	2559226.3008	1145988.4035	0
"558"	2559758.8659	1145947.2904	0
"559"	2559397.7177	1146297.5068	0
"560"	2559297.8283	1146097.15059999	0
"561"	2560410.9782	1145331.7953	0
"562"	2561475.0031	1144724.8773	0
"563"	2562009.0181	1145235.7971	0
"564"	2561648.8825	1144250.1948	0
"565"	2560688.8747	1143860.19119999	0
"566"	2559902.7151	1144084.4638	0
"567"	2560736.6895	1143526.9215	0
"568"	2561242.9326	1143270.2021	0
"569"	2561306.2196	1146817.1047	0
"570"	2560900.2923	1142298.1673	0
"571"	2561028.657	1142571.8243	0
"572"	2560975.5448	1142846.8162	0
"573"	2561075.353	1142223.4738	0
"574"	2561304.774	1142599.7123	0
"575"	2561024.1282	1140902.8107	0
