"x"	"y"	"resp"
"P0016_FU_130829"	2566900.2	1135795.4	0
"P0020_FU_130828"	2578799.6	1123597.1	0
"P0022_FU_130818"	2568600.9	1124901.6	0
"P0027_FU_130721"	2565500	1137700	0
"P0049_FU_130805"	2571898.6	1118200.1	0
"P0058_FU_130726"	2574603.9	1122198.4	0
"P0071_FU_130829"	2557682.6	1150423.3	0
"P0094_FU_130714"	2580097.2	1136400.3	0
"P0100_FU_130713"	2576304.5	1132905.7	0
"P0105_FU_130726"	2575297.1	1136296.7	0
"P0109_FU_130723"	2575005.8	1122110.3	0
"P0111_FU_130721"	2576598	1138495.7	0
"P0128_FU_130727"	2578699.1	1136499.2	0
"P0134_FU_130727"	2578405.1	1136698.7	0
"P0145_FU_130714"	2579595.4	1135895.9	0
"P0151_FU_130727"	2578507.5	1136296	0
"P0152_FU_130727"	2578508.1	1136447.7	0
"P0164_FU_130731"	2556725.4	1149799.5	0
"P0174_FU_130721"	2576392.2	1136900	0
"P0197_FU_130723"	2576073.9	1122944.4	0
"P0214_FU_130721"	2575305	1138001.9	0
"P0216_FU_130802"	2567494	1129402.2	0
"P0241_FU_130707"	2575796	1129984.7	0
"P0250_FU_130806"	2569921	1133567.9	0
"P0252_FU_130901"	2566766.3	1121184	0
"P0255_FU_130720"	2575600.6	1138700.5	0
"P0263_FU_130812"	2567586.4	1119886.5	0
"P0265_FU_130901"	2567203.5	1121302.3	0
"P0269_FU_130901"	2568299.9	1121200.1	0
"P0270_FU_130901"	2568600.9	1119913.3	0
"P0271_FU_130707"	2575301.1	1128999.3	0
"P0274_FU_130722"	2577799.6	1126297.00000001	0
"P0277_FU_130812"	2568299.9	1119696.4	0
"P0279_FU_130812"	2567499.3	1119298.9	0
"P0284_FU_130812"	2567795.9	1120798.4	0
"P0285_FU_130812"	2566799.5	1120794.1	0
"P0299_FU_130812"	2566898.4	1128704.9	0
"P0302_FU_130726"	2575801.8	1122501.7	1
"P0304_FU_130726"	2574998.5	1121895.7	0
"P0305_FU_130822"	2559403.6	1144804.3	0
"P0308_FU_130822"	2558901.9	1145301.7	0
"P0310_FU_130719"	2559298.5	1146098.9	0
"P0315_FU_130719"	2559399.1	1146299.4	0
"P0336_FU_130711"	2567797.4	1136197.1	1
"P0337_FU_130711"	2567699.5	1135898.8	0
"P0356_FU_130714"	2579600.8	1135998.8	0
"P0364_FU_130714"	2581600.9	1135899.4	0
"P0373_FU_130829"	2567204.4	1135794.2	0
"P0388_FU_130805"	2572001.4	1118302.7	1
"P0391_FU_130713"	2577197.6	1133097	0
"P0393_FU_130805"	2572102.5	1117100.2	1
"P0394_FU_130805"	2571597.6	1117099.2	1
"P0441_FU_130805"	2571900.3	1117895.8	1
"P0462_FU_130818"	2582101.1	1130491	1
"P0465_FU_130710"	2571797.9	1134653.8	1
"P0475_FU_130805"	2571499.4	1117200.6	1
"P0479_FU_130805"	2571799.5	1117699.5	1
"P0486_FU_130728"	2581883.4	1130635.3	1
"P0497_FU_130829"	2567400	1136200	0
"P0506_FU_130805"	2571600.3	1117598.4	1
"P0548_FU_130707"	2580735	1126895	0
"P0556_FU_130722"	2577953.2	1126367.3	0
"P0561_FU_130707"	2579966.4	1126392.9	0
"P0562_FU_130722"	2578659	1125442.1	0
"P0566_FU_130722"	2577877	1126293.4	0
"P0572_FU_130722"	2578925.1	1125419.7	0
"P0575_FU_130707"	2580927.4	1126331	0
"P0578_FU_130731"	2578957.5	1126397.4	0
"P0588_FU_130828"	2578728.3	1124055.2	0
"P0593_FU_130828"	2578770	1123460.6	0
"P0599_FU_130828"	2578823.6	1123767.3	0
"P0601_FU_130828"	2578708.3	1123582.4	0
"P0602_FU_130828"	2578960.9	1123707.6	1
"P0606_FU_120909"	2577881	1122959	1
"P0608_FU_120909"	2578115	1123090	0
"P0610_FU_130722"	2578037.6	1126409	0
"P0616_FU_130712"	2576247.8	1146647.9	0
"P0618_FU_130731"	2558686	1150495	0
"P0622_FU_120707"	2559679	1150834	0
"P0624_FU_130731"	2558221.8	1151780	0
"P0625_FU_130731"	2556686	1150643	0
"P0627_FU_130708"	2570001.6	1133874.5	0
"P0628_FU_120725"	2562926	1133269	0
"P0631_FU_130719"	2559406	1146677	0
"P0633_FU_120717"	2571945	1146123	0
"P0635_FU_130712"	2574873	1144698	0
"P0639_FU_130708"	2569795	1133252	0
"P0640_FU_130708"	2570196	1133321.4	0
"P0642_FU_130806"	2570267.8	1134005.8	0
"P0643_FU_120803"	2569378	1133056	0
"P0644_FU_120717"	2571278	1145674	0
"P0649_FU_120716"	2559041	1146686	0
"P0652_FU_120724"	2573297	1122717	0
"P0653_FU_130820"	2568421.6	1142839.2	0
"P0654_FU_130713"	2578231.9	1145586.8	0
"P0655_FU_130713"	2578798	1132072	0
"P0658_FU_130710"	2572983	1133784	0
"P0659_FU_120709"	2561319	1149776	0
"P0661_FU_120718"	2568125	1143349	0
"P0664_FU_130713"	2578077	1132564	0
"P0665_FU_130728"	2576116.2	1134222	0
"P0666_FU_130806"	2570883.7	1134940.3	0
"P0669_FU_120723"	2569848	1128505	0
"P0670_FU_120717"	2573346	1146625	0
"P0671_FU_120724"	2572997	1122670	0
"P0672_FU_130713"	2579233.8	1146350.4	0
"P0675_FU_130820"	2567680	1143736	0
"P0676_FU_120720"	2575479	1144757	0
"P0677_FU_120720"	2577174	1141327	0
"P0678_FU_120718"	2568019	1143048	0
"P0679_FU_130901"	2576905.09	1148900	0
"P0680_FU_130715"	2561475.5	1144725.5	0
"P0685_FU_130806"	2573300	1134528	0
"P0689_FU_120730"	2570876	1147214	0
"P0690_FU_130706"	2567446	1138626.5	0
"P0691_FU_130720"	2573769.5	1138667.8	0
"P0692_FU_130706"	2566360.4	1138988.8	0
"P0696_FU_130705"	2562151.1	1148075.6	1
"P0697_FU_130715"	2570469.3	1140698.1	0
"P0698_FU_120828"	2581123.8	1146675.1	0
"P0699_FU_130715"	2572858.6	1140980	0
"P0700_FU_130721"	2566924.1	1139722.5	0
"P0703_FU_130721"	2564749.3	1136624.1	0
"P0704_FU_130728"	2573001.4	1137035	0
"P0705_FU_120723"	2572297	1126446	0
"P0709_FU_120718"	2570069	1142061	0
"P0710_FU_130720"	2573572.4	1136995.4	0
"P0712_FU_130706"	2566303.8	1138452.4	0
"P0714_FU_130723"	2570875	1121803	0
"P0717_FU_120716"	2563216	1146338	0
"P0722_FU_120725"	2565190	1134911	0
"P0724_FU_130820"	2579785.7	1145240.6	0
"P0725_FU_130901"	2576027.9	1148852.9	0
"P0726_FU_120718"	2570176	1140243	0
"P0735_FU_130711"	2584276	1152723	0
"P0737_FU_130711"	2583994	1152783	0
"P0738_FU_120724"	2573600	1124273	0
"P0740_FU_130706"	2566926.9	1138078.1	0
"P0742_FU_130723"	2570972	1121569	0
"P0743_FU_130728"	2572492.6	1137664	0
"P0744_FU_120803"	2576317	1139872.7	0
"P0745_FU_130714"	2581297	1134228	0
"P0746_FU_120727"	2571125	1136374.6	0
"P0747_FU_130711"	2583649.2	1151723.5	0
"P0748_FU_130728"	2575697	1135312	0
"P0750_FU_130707"	2575927.9	1128449.8	0
"P0753_FU_130711"	2583550	1151349	0
"P0754_FU_120801"	2564950	1143883	0
"P0757_FU_120725"	2563677	1134678	0
"P0763_FU_120723"	2571150	1129625	0
"P0765_FU_120724"	2571275	1120623	0
"P0769_FU_120808"	2581379	1137549	0
"P0770_FU_130722"	2578753.8	1125899.1	0
"P0774_FU_130706"	2577174.9	1138100	0
"P0775_FU_130706"	2577076.1	1137874.7	0
"P0779_FU_120807"	2574207.2	1130257.2	0
"P0780_FU_120808"	2579550	1152800	0
"P0782_FU_130722"	2578224.5	1126575.1	0
"P0784_FU_130711"	2567397	1135231	0
"P0791_FU_120807"	2573268.3	1130105.2	0
"P0794_FU_130707"	2573339	1121070	0
"P0800_FU_120808"	2580000	1153749	0
"P0803_FU_120809"	2581550	1141975	0
"P0805_FU_120809"	2580599	1142450	0
"P0806_FU_120808"	2580949	1137675	0
"P0814_FU_120726"	2582112	1145111	0
"P0818_FU_120910"	2573152.8	1117996.8	0
"P0820_FU_130722"	2578399.3	1126000.6	0
"P0821_FU_130722"	2578550.1	1125700.3	0
"P0822_FU_130829"	2566724.3	1135125.3	0
"P0823_FU_130706"	2577150	1137549	0
"P0825_FU_130715"	2581176	1136034	0
"P0827_FU_130707"	2580999.9	1126550.1	0
"P0829_FU_130711"	2567825.3	1136499.5	0
"P0831_FU_120810"	2565875	1135599.2	0
"P0833_FU_120801"	2570652.4	1118626.4	0
"P0835_FU_120829"	2581200.1	1130125.2	0
"P0837_FU_130706"	2576800	1137648	0
"P0841_FU_120810"	2567025	1136049	0
"P0843_FU_120801"	2564479	1142332	0
"P0847_FU_120910"	2572221	1117491	1
"P0849_FU_120908"	2577209	1121725	0
"P0850_FU_120829"	2581101	1129848	1
"P0854_FU_120908"	2576994	1121800.4	0
"P0855_FU_120909"	2577400	1122951	0
"P0858_FU_130728"	2582709	1132001	1
"P0859_FU_120829"	2581610.1	1130059.4	1
"P0860_FU_120910"	2571002.1	1117025.8	0
"P0864_FU_120829"	2581359	1130491	0
"P0866_FU_120909"	2578042	1122655	0
"P0870_FU_120910"	2571651.4	1117998.6	1
"P0871_FU_120909"	2578135	1123340	1
"P0872_FU_120909"	2577713	1122942.5	1
"P0878_FU_130818"	2582384.9	1130722.1	0
"P0882_FU_130821"	2574133	1117732	1
"P0883_FU_130821"	2574094.1	1117695	1
"P0884_FU_120907"	2575200.1	1119102	1
"P0885_FU_120907"	2575300	1119037	0
"P0890_FU_120724"	2572944	1123051	0
"P0891_FU_130711"	2581351	1151024.7	1
"P0894_FU_130721"	2575825	1137074.4	0
"P0896_FU_130731"	2579224.9	1126601.5	1
"P0899_FU_120812"	2577523	1152782	0
"P0900_FU_130714"	2579985	1136034.5	0
"P0904_FU_130714"	2580400	1136150	0
"P0906_FU_130727"	2578850.8	1136647.6	0
"P0909_FU_130805"	2571583.1	1117803.5	1
"P0912_FU_130811"	2582277.9	1130114.1	1
"P0914_FU_130814"	2575890.8	1120674.3	1
"P1005_FU_130821"	2574116.3	1117679.4	1
