"x"	"y"	"pres"
"1"	2557747.6	1149726.8	1
"2"	2572499.4	1145503.5	0
"3"	2579100.4	1151800.4	0
"4"	2581301.7	1150300.1	1
"5"	2579838.7	1124770.9	0
"6"	2577011.1	1121328.6	0
"7"	2579304.5	1153215.5	0
"8"	2581699.8	1150900.1	1
"9"	2571298.5	1137897.7	0
"10"	2583602.3	1147106	1
"11"	2564607.9	1133295.2	0
"12"	2580497.4	1127198.7	0
"13"	2580303.3	1151997.1	0
"14"	2580706.3	1127198.4	0
"15"	2570801.2	1135749.7	1
"16"	2566900.2	1135795.4	0
"17"	2578000.1	1127403.4	0
"18"	2573301.2	1143804.4	0
"19"	2567801.5	1142493.6	0
"20"	2578799.6	1123597.1	0
"21"	2557469.5	1147202.4	0
"22"	2568600.9	1124901.6	0
"23"	2568803.1	1140694.6	0
"24"	2577051.3	1151421.4	0
"25"	2571096.7	1120205	0
"26"	2571496.8	1135100.8	1
"27"	2565500	1137700	0
"28"	2572202.5	1141592.7	0
"29"	2581099.6	1141795.4	0
"30"	2569599.4	1122000	0
"31"	2567200.1	1136397.2	0
"32"	2572198.7	1124600.1	0
"33"	2576198.7	1143105.2	1
"34"	2579004.1	1125798.8	0
"35"	2564800.2	1137699.9	1
"36"	2577204.5	1128294.6	0
"37"	2570009.3	1147199	1
"38"	2557146.5	1150027.3	1
"39"	2576503.9	1143002.1	0
"40"	2580719.3	1131179.59999999	0
"41"	2579901.4	1150996.20000001	1
"42"	2578997.8	1124101.3	0
"43"	2577499	1121999.6	0
"44"	2578598.3	1126794.5	0
"45"	2568100.1	1142094.9	0
"46"	2578502.8	1140998.5	1
"47"	2577901.1	1139199.6	1
"48"	2571898.6	1118200.1	0
"49"	2575000.2	1119897.89999999	0
"50"	2578598.4	1151003	0
"51"	2576109.9	1148415	0
"52"	2571572.9	1123826	1
"53"	2577512.9	1143798.5	0
"54"	2569697.1	1121794.8	1
"55"	2580306	1152595.3	1
"56"	2574300	1119800	0
"57"	2574603.9	1122198.4	0
"58"	2580100	1130200	1
"59"	2577997.3	1140799.1	1
"60"	2578500.3	1124402.2	0
"61"	2574582.1	1121850	0
"62"	2569301.9	1141800.9	0
"63"	2578101.7	1140694.5	1
"64"	2578403.1	1139196.5	1
"65"	2568801.8	1142299.3	1
"66"	2568127.4	1129100.4	0
"67"	2571400	1117200	0
"68"	2576598.5	1141304.5	1
"69"	2577902.6	1122902.8	0
"70"	2557682.6	1150423.3	1
"71"	2577593.8	1129095.2	0
"72"	2580499	1124512.5	0
"73"	2577300.1	1140801.2	1
"74"	2575139.3	1121032.1	0
"75"	2576098.9	1148048.6	0
"76"	2574897.8	1143394.6	1
"77"	2564295.7	1144405.6	1
"78"	2572092.5	1148403.3	1
"79"	2573900.5	1119998.2	1
"80"	2578400.7	1150498.4	1
"81"	2566805.8	1138599.4	0
"82"	2572898.6	1141798.5	1
"83"	2575297.8	1130796	0
"84"	2572999.6	1147227.6	1
"85"	2577703.7	1128994.6	0
"86"	2571122.5	1124203	1
"87"	2572600	1130000	0
"88"	2576200	1143697.9	0
"89"	2575502.4	1131701.7	0
"90"	2575400.1	1131097.7	0
"91"	2570604.5	1132301.6	1
"92"	2568399.6	1144601.2	1
"93"	2580097.2	1136400.3	0
"94"	2575300	1124700	0
"95"	2580498.5	1137599.3	0
"96"	2557726.2	1147276.1	1
"97"	2569700.8	1124099.4	0
"98"	2562699.6	1134995.7	1
"99"	2576304.5	1132905.7	0
"100"	2579494	1137398.3	0
"101"	2579398.4	1124795.8	0
"102"	2577795.7	1137395.5	0
"103"	2577390.6	1137392.6	0
"104"	2575297.1	1136296.7	0
"105"	2557846.9	1147527.3	1
"106"	2580903.4	1141096.7	1
"107"	2579797.7	1123900.1	0
"108"	2575005.8	1122110.3	0
"109"	2578892.5	1140400.4	0
"110"	2576598	1138495.7	0
"111"	2577800	1125300	0
"112"	2579651.4	1136898	0
"113"	2576899.1	1140897	1
"114"	2572597.3	1133004.7	1
"115"	2560221	1142970.2	1
"116"	2577504	1125410.4	0
"117"	2581406	1131494.1	0
"118"	2581499.8	1131399	0
"119"	2569696.8	1138099.7	0
"120"	2571897.7	1120196.7	0
"121"	2573798.4	1144701.7	0
"122"	2584593.8	1151895.1	0
"123"	2569100	1136100	0
"124"	2579197.2	1135997	0
"125"	2578594	1125100.5	0
"126"	2579101.1	1136303.5	0
"127"	2578699.1	1136499.2	0
"128"	2578076	1136824.3	0
"129"	2568503.8	1137897.2	0
"130"	2556973.9	1147973.5	0
"131"	2571325.6	1123371.5	0
"132"	2581500.1	1146293.7	1
"133"	2578405.1	1136698.7	0
"134"	2574599.1	1147402.6	1
"135"	2582698.6	1152999.7	0
"136"	2572791.1	1130000.99999999	0
"137"	2561243	1143270.6	1
"138"	2576799	1137001.5	0
"139"	2579499.3	1125899.1	0
"140"	2578798.1	1152198.7	0
"141"	2576899.2	1135300.6	1
"142"	2571491.2	1136704.4	0
"143"	2579595.4	1135895.9	0
"144"	2574799.7	1149306	0
"145"	2579202.5	1127099.6	0
"146"	2575302.8	1124296.6	0
"147"	2582903.8	1148008.8	0
"148"	2578798	1136097	0
"149"	2578507.5	1136296	0
"150"	2578508.1	1136447.7	0
"151"	2574896.5	1148994.9	0
"152"	2579695.7	1135690.8	0
"153"	2578501.7	1125401.6	0
"154"	2558697.6	1151448.1	0
"155"	2576401.6	1145594.59999999	1
"156"	2575197.5	1136097.8	0
"157"	2579300	1127000	0
"158"	2578699.1	1135697.9	0
"159"	2578101.7	1136694.6	0
"160"	2579394.5	1127298.5	0
"161"	2578099.9	1136597.5	0
"162"	2556725.4	1149799.5	0
"163"	2581102.6	1147496.4	1
"164"	2572499.3	1142499.1	0
"165"	2578009.1	1135297	1
"166"	2569596.2	1118697.6	1
"167"	2564005.6	1135995.5	0
"168"	2574598.3	1136695.3	0
"169"	2580599	1130604.3	0
"170"	2572599.5	1117600.4	0
"171"	2578901.5	1145897.8	1
"172"	2576392.2	1136900	0
"173"	2581303.3	1129895.4	0
"174"	2582391.8	1131806.9	0
"175"	2575498.4	1119697.79999999	0
"176"	2572399.1	1117203.5	0
"177"	2568343.2	1126100.4	1
"178"	2583295.3	1147897.6	1
"179"	2571300.9	1119198.1	0
"180"	2581994.8	1140302.7	0
"181"	2581989.9	1139903.8	0
"182"	2570696.1	1117995.1	0
"183"	2581598.5	1131499.8	0
"184"	2572099.2	1119498.8	0
"185"	2578801.4	1145697	1
"186"	2577403.4	1137099.6	0
"187"	2575587.4	1119963	0
"188"	2581299	1141190.4	0
"189"	2576997.9	1128702.4	0
"190"	2555900.3	1148998.7	0
"191"	2575600.5	1142398.5	1
"192"	2557699.9	1149446.4	0
"193"	2559759.4	1145948.2	0
"194"	2570601.6	1126399.5	0
"195"	2576073.9	1122944.4	0
"196"	2576144.9	1122862.2	1
"197"	2575963.5	1123411.2	1
"198"	2578685.1	1124961.7	0
"199"	2578624	1124900.8	0
"200"	2578000.8	1124697.2	0
"201"	2579934.6	1124834.3	0
"202"	2578429.1	1126929.7	1
"203"	2575911	1120586	0
"204"	2568699.4	1126299.1	1
"205"	2578499.4	1146998.9	1
"206"	2577097.3	1132101.7	1
"207"	2570501	1134777.5	1
"208"	2575424.2	1148146.1	0
"209"	2564902.3	1135892.4	0
"210"	2561077.2	1142223.1	0
"211"	2568199.1	1126923.2	1
"212"	2575305	1138001.9	0
"213"	2578097.3	1126797.3	0
"214"	2567494	1129402.2	1
"215"	2568400	1141500	0
"216"	2572202.6	1124701.8	1
"217"	2571511.9	1138702	0
"218"	2568325.9	1130398.8	1
"219"	2577187.2	1123302.2	0
"220"	2558229.8	1148297.1	0
"221"	2569189.5	1133409.8	1
"222"	2572299.3	1120103	0
"223"	2579502.3	1146799.2	1
"224"	2571000	1122800	1
"225"	2567495.4	1138403.1	0
"226"	2575000.6	1145775	0
"227"	2571100.3	1118396.6	0
"228"	2558928	1150370.2	1
"229"	2580001.8	1147096.6	1
"230"	2577503.1	1127204.79999999	0
"231"	2576600	1121200	0
"232"	2572201.4	1133801.8	0
"233"	2573001	1147000.2	1
"234"	2581497.5	1131291.2	0
"235"	2559275.4	1151124	0
"236"	2571098.2	1146497.4	1
"237"	2577501.2	1145595	1
"238"	2571898.9	1133906.8	1
"239"	2575796	1129984.7	0
"240"	2561026.6	1143900.2	0
"241"	2580201.8	1150796.7	1
"242"	2573105.7	1118601.30000001	0
"243"	2573099.5	1119599.49999999	0
"244"	2571051.1	1146399.7	1
"245"	2573103.4	1118598.5	0
"246"	2580700	1126300	0
"247"	2582198.2	1152691.8	0
"248"	2569921	1133567.9	1
"249"	2573199.9	1119600.8	1
"250"	2566766.3	1121184	0
"251"	2576399.9	1128498.4	0
"252"	2567007.6	1119415.6	1
"253"	2575600.6	1138700.5	0
"254"	2580477.5	1143595.9	0
"255"	2566921.6	1119499.3	1
"256"	2567217.1	1119963.1	0
"257"	2564300.4	1147498	0
"258"	2567375.3	1120135.8	0
"259"	2582302.9	1146696.1	1
"260"	2577001.9	1144894.8	1
"261"	2567586.4	1119886.5	1
"262"	2566597.5	1119842.3	1
"263"	2567203.5	1121302.3	1
"264"	2580599.6	1151189.7	0
"265"	2565503.8	1139301.8	0
"266"	2567201.5	1121101.7	1
"267"	2568299.9	1121200.1	1
"268"	2568600.9	1119913.3	0
"269"	2575301.1	1128999.3	0
"270"	2568499.9	1119901.1	0
"271"	2568001.3	1119898.9	0
"272"	2577799.6	1126297.00000001	0
"273"	2567899.8	1119898.4	0
"274"	2567739.3	1119992.1	1
"275"	2568299.9	1119696.4	1
"276"	2568201.9	1119602.4	0
"277"	2567499.3	1119298.9	1
"278"	2565400.3	1144400.3	0
"279"	2569400.3	1131500.1	1
"280"	2567397.1	1119101.8	0
"281"	2575299.8	1121901.7	0
"282"	2567795.9	1120798.4	1
"283"	2566799.5	1120794.1	0
"284"	2555197.8	1146597.1	1
"285"	2555805.8	1146495.9	0
"286"	2556075.3	1145996.9	1
"287"	2556700	1145398.2	0
"288"	2580401.9	1139199.1	0
"289"	2556095.9	1147396.3	1
"290"	2556500.7	1147401.7	0
"291"	2557399.3	1148599	0
"292"	2580198.9	1125401	0
"293"	2581200.3	1137900	0
"294"	2569402.9	1124255.3	0
"295"	2575603.4	1122200.8	0
"296"	2566898.4	1128704.9	1
"297"	2564497.7	1145390	0
"298"	2567033.4	1128733	1
"299"	2575801.8	1122501.7	0
"300"	2561029.3	1142573.3	0
"301"	2574998.5	1121895.7	0
"302"	2559403.6	1144804.3	1
"303"	2558901.4	1144999.9	0
"304"	2574493.8	1120197.7	0
"305"	2558901.9	1145301.7	0
"306"	2559400.1	1144600.6	0
"307"	2559298.5	1146098.9	0
"308"	2575499.6	1140299.8	1
"309"	2580308.3	1125895.5	0
"310"	2561650.3	1144250.7	1
"311"	2569177.4	1146198.70000001	0
"312"	2559399.1	1146299.4	0
"313"	2575701.7	1139799.2	0
"314"	2577104.4	1139798.9	1
"315"	2568401.1	1137500.5	0
"316"	2572002.5	1137399	0
"317"	2572400	1119200	0
"318"	2568600.2	1137699.4	0
"319"	2576400.9	1139495.3	1
"320"	2581495	1141708.9	0
"321"	2572790	1119200	0
"322"	2568898.6	1146093	0
"323"	2581800.3	1139198.9	0
"324"	2578800	1142800	0
"325"	2575699.4	1127700.4	0
"326"	2573599	1118503.8	0
"327"	2564594	1147102.9	0
"328"	2566801	1141197.9	0
"329"	2572501.1	1118104.5	0
"330"	2570525.5	1133196.1	0
"331"	2566274.6	1141005.1	0
"332"	2576801.2	1125097.5	0
"333"	2567797.4	1136197.1	0
"334"	2567699.5	1135898.8	0
"335"	2571502.8	1137302.4	0
"336"	2564297.7	1142001.5	0
"337"	2564401.8	1142100	0
"338"	2571899.5	1117300.20000001	0
"339"	2558978.9	1150775.4	0
"340"	2569946.4	1145602.9	1
"341"	2583702.1	1145787.8	0
"342"	2563095.1	1148098.7	0
"343"	2565777	1140310.9	0
"344"	2564498.7	1147097.7	0
"345"	2572399	1130099.6	0
"346"	2568001.2	1137391.3	0
"347"	2571998.1	1117500.9	0
"348"	2573528	1145101.4	1
"349"	2571003.5	1146493.3	1
"350"	2579801.1	1125899.6	0
"351"	2580200.6	1125803.9	0
"352"	2579299.8	1125801.8	0
"353"	2579600.8	1135998.8	0
"354"	2581602.6	1136003.3	0
"355"	2579599.3	1126198.6	0
"356"	2580600	1126400.7	0
"357"	2566496.5	1134101.5	0
"358"	2572700.4	1145900.5	1
"359"	2578200	1123100	0
"360"	2580101.4	1125999.7	0
"361"	2581600.9	1135899.4	0
"362"	2579498.5	1126100.5	0
"363"	2572496.9	1147096.7	1
"364"	2579600	1125798.4	0
"365"	2579705.7	1139600.7	0
"366"	2579000	1125099.2	0
"367"	2580000.6	1125598.8	0
"368"	2569772.6	1134297.1	1
"369"	2579899.2	1125101.4	0
"370"	2567204.4	1135794.2	0
"371"	2577599.3	1125597.3	0
"372"	2571084.2	1137391.69999999	0
"373"	2578503.8	1144203.7	0
"374"	2572500	1118400	1
"375"	2578357.6	1143628.6	0
"376"	2580203	1142698.8	0
"377"	2560976.8	1142847.2	0
"378"	2572987.7	1120285.6	0
"379"	2571600.6	1138301.1	0
"380"	2581701.1	1141200.9	0
"381"	2581299.1	1144899.3	0
"382"	2571003.2	1130794.3	0
"383"	2567504.8	1137198.5	0
"384"	2581099.1	1136598.8	0
"385"	2572001.4	1118302.7	0
"386"	2581701.1	1141098.49999999	0
"387"	2579098.5	1123904.7	0
"388"	2577197.6	1133097	1
"389"	2572402.2	1117799.7	0
"390"	2572102.5	1117100.2	0
"391"	2571597.6	1117099.2	0
"392"	2577301.6	1122003.7	0
"393"	2577301.8	1122199	0
"394"	2578998	1123800.3	0
"395"	2578898.3	1123699.5	0
"396"	2563606.7	1140403	1
"397"	2572402.1	1117700.7	0
"398"	2579000.2	1136502.1	0
"399"	2572300.2	1117997	0
"400"	2572403.8	1118198.8	0
"401"	2577103.5	1121999.19999999	0
"402"	2575696	1122696	0
"403"	2579599.8	1127302.9	0
"404"	2579601.4	1127499.5	0
"405"	2573712.5	1120867.6	0
"406"	2577500	1126700	0
"407"	2579502.8	1127600	0
"408"	2580802.5	1142999.3	0
"409"	2582499.4	1131896.3	0
"410"	2576801.1	1121397.6	0
"411"	2582601.9	1131597	0
"412"	2571998.7	1119600.6	0
"413"	2581401.6	1145079.7	0
"414"	2577197.4	1151400.4	0
"415"	2573303.3	1146902.1	0
"416"	2578708.6	1128800.1	0
"417"	2577601.9	1137196.5	0
"418"	2579728.7	1124201.3	0
"419"	2572099.8	1118101.7	0
"420"	2580198.6	1124398.4	0
"421"	2577204.8	1149998.7	1
"422"	2561305.9	1142601.2	0
"423"	2580121.1	1124212.8	0
"424"	2577598.6	1136899.7	0
"425"	2571602.3	1118200.9	0
"426"	2581700.8	1147601.3	1
"427"	2580298.8	1124153	0
"428"	2578901.3	1127899.8	0
"429"	2580700.2	1126000.6	0
"430"	2569001.5	1124401.1	1
"431"	2566600	1134402	0
"432"	2578800.8	1128301.4	0
"433"	2582798.9	1131200.4	0
"434"	2578801.6	1128500.6	0
"435"	2572101.9	1116902.5	0
"436"	2578699.8	1128500.5	0
"437"	2571900.3	1117895.8	0
"438"	2581610.7	1147395.8	1
"439"	2578101.4	1122995.5	0
"440"	2579802.4	1128600.2	0
"441"	2579002	1127899.7	0
"442"	2579501.8	1124097	0
"443"	2579400.6	1128199.1	0
"444"	2577098.6	1151397	0
"445"	2579852.5	1124154.4	0
"446"	2571600.8	1117394.3	0
"447"	2582301.3	1131100.7	0
"448"	2579999.7	1128699.3	0
"449"	2571697	1117498.5	0
"450"	2578799.4	1128401.5	0
"451"	2572099	1117900.4	0
"452"	2575301.5	1143399.1	1
"453"	2580099.4	1128697.9	0
"454"	2571703.9	1116898.8	0
"455"	2579400.3	1127799.3	0
"456"	2582101.1	1130491	0
"457"	2579400.4	1128498.4	0
"458"	2571600	1116800	0
"459"	2576700	1120900	0
"460"	2578002.1	1122999.6	0
"461"	2571599.6	1117001.2	0
"462"	2571999.9	1118900.2	0
"463"	2572599.1	1146802.1	1
"464"	2577997.6	1123103.8	0
"465"	2581899.6	1130397.8	0
"466"	2582997.1	1131788.6	0
"467"	2571499.4	1117200.6	0
"468"	2579602.3	1127994.2	0
"469"	2571708.7	1117300.1	0
"470"	2572705.1	1134195.4	0
"471"	2571799.5	1117699.5	0
"472"	2574750	1146348.6	1
"473"	2570900	1135200	1
"474"	2570709.9	1122288.1	1
"475"	2560737.6	1143528.2	1
"476"	2583260.3	1130892.4	0
"477"	2581883.4	1130635.3	0
"478"	2572004.8	1148103.8	1
"479"	2580596.6	1133307	1
"480"	2579103.4	1152501.4	0
"481"	2572196.4	1137698.4	0
"482"	2580599.5	1126794.6	0
"483"	2581100.4	1154798.8	1
"484"	2579503.2	1125604.8	0
"485"	2581097	1154305.9	0
"486"	2580602.7	1125896.4	0
"487"	2571498.3	1135601.9	1
"488"	2567400	1136200	0
"489"	2574702.8	1143702	1
"490"	2581199.1	1154799.7	0
"491"	2556700.3	1149126.1	1
"492"	2566906.4	1128404.5	1
"493"	2580390.8	1131206.1	0
"494"	2580497.4	1131200.7	0
"495"	2568200.2	1139899.8	0
"496"	2568000.3	1127999.3	0
"497"	2571600.3	1117598.4	0
"498"	2570099.3	1141295.4	1
"499"	2576799.8	1121598.6	0
"500"	2571399.4	1141299.9	0
"501"	2570000	1124100	1
"502"	2567302	1142705.6	1
"503"	2567598.2	1141003.6	0
"504"	2576501.3	1144798.90000001	1
"505"	2565990.8	1142202.1	0
"506"	2577904.8	1141703.9	1
"507"	2573801.8	1144002.7	1
"508"	2569696.8	1142495.1	1
"509"	2580805.96	1127042.88	0
"510"	2580747.05	1126947.96	0
"511"	2579493.24	1127048.15	0
"512"	2580243.28	1127611.51	0
"513"	2580259.37	1127455.27	0
"514"	2580202.34	1127087.23	0
"515"	2579149.56	1126813.48	0
"516"	2578564.43	1123658.45	0
"517"	2580244	1127614	0
"518"	2579125.98	1124114.63	0
"519"	2578588	1123645.8	0
"520"	2579132.85	1124078.65	0
"521"	2579228.68	1124056.79	0
"522"	2579221	1123601	0
"523"	2578616.29	1123647.95	0
"524"	2579287	1123540	0
"525"	2579146	1123696	0
"526"	2578454.92	1127133.81	0
"527"	2578503.27	1127285.06	0
"528"	2578439.11	1127104.02	0
"529"	2578480.98	1127199.27	0
"530"	2576498	1125302	0
"531"	2577231	1125337	0
"532"	2577095	1125563	0
"533"	2577002	1125737.1	0
"534"	2576486	1125157	0
"535"	2577191	1125438	0
"536"	2580384	1126010	0
"537"	2580205	1125430	0
"538"	2580713	1126950	0
"539"	2580735	1126895	0
"540"	2580700	1127022	0
"541"	2580692	1127093	0
