"x"	"y"	"resp"
"P0016_BA_130829"	2566900.2	1135795.4	1
"P0020_BA_130828"	2578799.6	1123597.1	1
"P0022_BA_130818"	2568600.9	1124901.6	0
"P0027_BA_130721"	2565500	1137700	0
"P0049_BA_130805"	2571898.6	1118200.1	1
"P0058_BA_130726"	2574603.9	1122198.4	0
"P0071_BA_130829"	2557682.6	1150423.3	0
"P0094_BA_130714"	2580097.2	1136400.3	0
"P0100_BA_130713"	2576304.5	1132905.7	0
"P0105_BA_130726"	2575297.1	1136296.7	0
"P0109_BA_130723"	2575005.8	1122110.3	0
"P0111_BA_130721"	2576598	1138495.7	0
"P0128_BA_130727"	2578699.1	1136499.2	0
"P0134_BA_130727"	2578405.1	1136698.7	0
"P0145_BA_130714"	2579595.4	1135895.9	0
"P0151_BA_130727"	2578507.5	1136296	0
"P0152_BA_130727"	2578508.1	1136447.7	0
"P0164_BA_130731"	2556725.4	1149799.5	0
"P0174_BA_130721"	2576392.2	1136900	0
"P0187_BA_130820"	2578801.4	1145697	0
"P0192_BA_130829"	2555900.3	1148998.7	0
"P0197_BA_130723"	2576073.9	1122944.4	0
"P0214_BA_130721"	2575305	1138001.9	0
"P0216_BA_130802"	2567494	1129402.2	0
"P0228_BA_130712"	2575000.6	1145775	0
"P0239_BA_130820"	2577501.2	1145595	0
"P0241_BA_130707"	2575796	1129984.7	0
"P0250_BA_130806"	2569921	1133567.9	0
"P0252_BA_130901"	2566766.3	1121184	0
"P0253_BA_130707"	2576399.9	1128498.4	0
"P0255_BA_130720"	2575600.6	1138700.5	0
"P0263_BA_130812"	2567586.4	1119886.5	0
"P0265_BA_130901"	2567203.5	1121302.3	0
"P0269_BA_130901"	2568299.9	1121200.1	0
"P0270_BA_130901"	2568600.9	1119913.3	0
"P0271_BA_130707"	2575301.1	1128999.3	0
"P0274_BA_130722"	2577799.6	1126297.00000001	0
"P0277_BA_130812"	2568299.9	1119696.4	0
"P0279_BA_130812"	2567499.3	1119298.9	0
"P0284_BA_130812"	2567795.9	1120798.4	0
"P0285_BA_130812"	2566799.5	1120794.1	0
"P0298_BA_130726"	2575603.4	1122200.8	1
"P0299_BA_130812"	2566898.4	1128704.9	0
"P0302_BA_130726"	2575801.8	1122501.7	1
"P0304_BA_130726"	2574998.5	1121895.7	0
"P0305_BA_130822"	2559403.6	1144804.3	0
"P0306_BA_130822"	2558901.4	1144999.9	0
"P0308_BA_130822"	2558901.9	1145301.7	0
"P0309_BA_130822"	2559400.1	1144600.6	0
"P0310_BA_130719"	2559298.5	1146098.9	0
"P0315_BA_130719"	2559399.1	1146299.4	0
"P0336_BA_130711"	2567797.4	1136197.1	1
"P0337_BA_130711"	2567699.5	1135898.8	0
"P0356_BA_130714"	2579600.8	1135998.8	0
"P0364_BA_130714"	2581600.9	1135899.4	0
"P0373_BA_130829"	2567204.4	1135794.2	0
"P0388_BA_130805"	2572001.4	1118302.7	0
"P0391_BA_130713"	2577197.6	1133097	0
"P0393_BA_130805"	2572102.5	1117100.2	1
"P0394_BA_130805"	2571597.6	1117099.2	1
"P0405_BA_130723"	2575696	1122696	0
"P0437_BA_130811"	2582798.9	1131200.4	0
"P0441_BA_130805"	2571900.3	1117895.8	0
"P0462_BA_130818"	2582101.1	1130491	0
"P0465_BA_130710"	2571797.9	1134653.8	0
"P0475_BA_130805"	2571499.4	1117200.6	1
"P0479_BA_130805"	2571799.5	1117699.5	1
"P0486_BA_130728"	2581883.4	1130635.3	1
"P0496_BA_130720"	2571498.3	1135601.9	0
"P0497_BA_130829"	2567400	1136200	0
"P0504_BA_130706"	2568200.2	1139899.8	0
"P0506_BA_130805"	2571600.3	1117598.4	1
"P0509_BA_130715"	2571399.4	1141299.9	0
"P0548_BA_130707"	2580735	1126895	1
"P0556_BA_130722"	2577953.2	1126367.3	0
"P0561_BA_130707"	2579966.4	1126392.9	0
"P0562_BA_130722"	2578659	1125442.1	0
"P0566_BA_130722"	2577877	1126293.4	0
"P0572_BA_130722"	2578925.1	1125419.7	0
"P0575_BA_130707"	2580927.4	1126331	0
"P0578_BA_130731"	2578957.5	1126397.4	0
"P0588_BA_130828"	2578728.3	1124055.2	0
"P0589_BA_130828"	2578614.6	1123558.7	1
"P0593_BA_130828"	2578770	1123460.6	0
"P0597_BA_130828"	2578929.5	1123692.1	1
"P0599_BA_130828"	2578823.6	1123767.3	1
"P0601_BA_130828"	2578708.3	1123582.4	1
"P0602_BA_130828"	2578960.9	1123707.6	0
"P0606_BA_120909"	2577881	1122959	1
"P0608_BA_120909"	2578115	1123090	1
"P0610_BA_130722"	2578037.6	1126409	0
"P0616_BA_130712"	2576247.8	1146647.9	0
"P0617_BA_130712"	2575126.3	1146214.1	0
"P0618_BA_130731"	2558686	1150495	0
"P0622_BA_120707"	2559679	1150834	0
"P0624_BA_130731"	2558221.8	1151780	0
"P0625_BA_130731"	2556686	1150643	0
"P0627_BA_130708"	2570001.6	1133874.5	0
"P0628_BA_120725"	2562926	1133269	0
"P0631_BA_130719"	2559406	1146677	0
"P0633_BA_120717"	2571945	1146123	0
"P0635_BA_130712"	2574873	1144698	0
"P0639_BA_130708"	2569795	1133252	0
"P0640_BA_130708"	2570196	1133321.4	0
"P0642_BA_130806"	2570267.8	1134005.8	0
"P0643_BA_120803"	2569378	1133056	0
"P0644_BA_120717"	2571278	1145674	0
"P0645_BA_130713"	2578843.4	1146951	0
"P0648_BA_130812"	2567443	1128795	0
"P0649_BA_120716"	2559041	1146686	0
"P0652_BA_120724"	2573297	1122717	0
"P0653_BA_130820"	2568421.6	1142839.2	0
"P0654_BA_130713"	2578231.9	1145586.8	0
"P0655_BA_130713"	2578798	1132072	0
"P0658_BA_130710"	2572983	1133784	0
"P0659_BA_120709"	2561319	1149776	0
"P0661_BA_120718"	2568125	1143349	0
"P0664_BA_130713"	2578077	1132564	0
"P0665_BA_130728"	2576116.2	1134222	0
"P0666_BA_130806"	2570883.7	1134940.3	0
"P0669_BA_120723"	2569848	1128505	0
"P0670_BA_120717"	2573346	1146625	0
"P0671_BA_120724"	2572997	1122670	0
"P0672_BA_130713"	2579233.8	1146350.4	0
"P0675_BA_130820"	2567680	1143736	0
"P0676_BA_120720"	2575479	1144757	0
"P0677_BA_120720"	2577174	1141327	0
"P0678_BA_120718"	2568019	1143048	0
"P0679_BA_130901"	2576905.09	1148900	0
"P0680_BA_130715"	2561475.5	1144725.5	0
"P0685_BA_130806"	2573300	1134528	0
"P0689_BA_120730"	2570876	1147214	0
"P0690_BA_130706"	2567446	1138626.5	0
"P0691_BA_130720"	2573769.5	1138667.8	0
"P0692_BA_130706"	2566360.4	1138988.8	0
"P0696_BA_130705"	2562151.1	1148075.6	0
"P0697_BA_130715"	2570469.3	1140698.1	0
"P0698_BA_120828"	2581123.8	1146675.1	0
"P0699_BA_130715"	2572858.6	1140980	0
"P0700_BA_130721"	2566924.1	1139722.5	0
"P0703_BA_130721"	2564749.3	1136624.1	0
"P0704_BA_130728"	2573001.4	1137035	0
"P0705_BA_120723"	2572297	1126446	0
"P0706_BA_130803"	2572950	1134925	0
"P0707_BA_130720"	2570286.3	1136049.6	0
"P0709_BA_120718"	2570069	1142061	0
"P0710_BA_130720"	2573572.4	1136995.4	0
"P0712_BA_130706"	2566303.8	1138452.4	0
"P0714_BA_130723"	2570875	1121803	0
"P0715_BA_120720"	2572541	1144906	0
"P0717_BA_120716"	2563216	1146338	0
"P0722_BA_120725"	2565190	1134911	0
"P0724_BA_130820"	2579785.7	1145240.6	0
"P0725_BA_130901"	2576027.9	1148852.9	0
"P0726_BA_120718"	2570176	1140243	0
"P0735_BA_130711"	2584276	1152723	0
"P0737_BA_130711"	2583994	1152783	0
"P0738_BA_120724"	2573600	1124273	0
"P0740_BA_130706"	2566926.9	1138078.1	0
"P0742_BA_130723"	2570972	1121569	0
"P0743_BA_130728"	2572492.6	1137664	0
"P0744_BA_120803"	2576317	1139872.7	0
"P0745_BA_130714"	2581297	1134228	0
"P0746_BA_120727"	2571125	1136374.6	0
"P0747_BA_130711"	2583649.2	1151723.5	0
"P0748_BA_130728"	2575697	1135312	0
"P0750_BA_130707"	2575927.9	1128449.8	0
"P0753_BA_130711"	2583550	1151349	0
"P0754_BA_120801"	2564950	1143883	0
"P0757_BA_120725"	2563677	1134678	0
"P0763_BA_120723"	2571150	1129625	0
"P0765_BA_120724"	2571275	1120623	0
"P0769_BA_120808"	2581379	1137549	1
"P0770_BA_130722"	2578753.8	1125899.1	0
"P0774_BA_130706"	2577174.9	1138100	0
"P0775_BA_130706"	2577076.1	1137874.7	0
"P0779_BA_120807"	2574207.2	1130257.2	0
"P0780_BA_120808"	2579550	1152800	1
"P0782_BA_130722"	2578224.5	1126575.1	0
"P0784_BA_130711"	2567397	1135231	0
"P0791_BA_120807"	2573268.3	1130105.2	0
"P0794_BA_130707"	2573339	1121070	1
"P0800_BA_120808"	2580000	1153749	1
"P0803_BA_120809"	2581550	1141975	0
"P0805_BA_120809"	2580599	1142450	0
"P0806_BA_120808"	2580949	1137675	0
"P0814_BA_120726"	2582112	1145111	0
"P0818_BA_120910"	2573152.8	1117996.8	1
"P0820_BA_130722"	2578399.3	1126000.6	0
"P0821_BA_130722"	2578550.1	1125700.3	0
"P0822_BA_130829"	2566724.3	1135125.3	0
"P0823_BA_130706"	2577150	1137549	0
"P0825_BA_130715"	2581176	1136034	0
"P0827_BA_130707"	2580999.9	1126550.1	0
"P0829_BA_130711"	2567825.3	1136499.5	0
"P0831_BA_120810"	2565875	1135599.2	0
"P0833_BA_120801"	2570652.4	1118626.4	0
"P0835_BA_120829"	2581200.1	1130125.2	1
"P0837_BA_130706"	2576800	1137648	0
"P0841_BA_120810"	2567025	1136049	1
"P0842_BA_130726"	2575564.1	1136336.5	0
"P0843_BA_120801"	2564479	1142332	0
"P0844_BA_130726"	2576053.4	1136301.8	0
"P0847_BA_120910"	2572221	1117491	1
"P0849_BA_120908"	2577209	1121725	1
"P0850_BA_120829"	2581101	1129848	1
"P0854_BA_120908"	2576994	1121800.4	1
"P0855_BA_120909"	2577400	1122951	0
"P0858_BA_130728"	2582709	1132001	0
"P0859_BA_120829"	2581610.1	1130059.4	0
"P0860_BA_120910"	2571002.1	1117025.8	1
"P0862_BA_120812"	2577175	1152225	1
"P0864_BA_120829"	2581359	1130491	1
"P0866_BA_120909"	2578042	1122655	1
"P0870_BA_120910"	2571651.4	1117998.6	0
"P0871_BA_120909"	2578135	1123340	0
"P0872_BA_120909"	2577713	1122942.5	1
"P0878_BA_130818"	2582384.9	1130722.1	1
"P0880_BA_130811"	2582883.1	1131371.4	0
"P0881_BA_130821"	2574168.1	1117742.9	1
"P0882_BA_130821"	2574133	1117732	0
"P0883_BA_130821"	2574094.1	1117695	0
"P0884_BA_120907"	2575200.1	1119102	0
"P0885_BA_120907"	2575300	1119037	1
"P0887_BA_120810"	2571817	1118218	1
"P0890_BA_120724"	2572944	1123051	0
"P0891_BA_130711"	2581351	1151024.7	0
"P0894_BA_130721"	2575825	1137074.4	0
"P0896_BA_130731"	2579224.9	1126601.5	0
"P0899_BA_120812"	2577523	1152782	0
"P0900_BA_130714"	2579985	1136034.5	0
"P0904_BA_130714"	2580400	1136150	0
"P0906_BA_130727"	2578850.8	1136647.6	0
"P0909_BA_130805"	2571583.1	1117803.5	1
"P0912_BA_130811"	2582277.9	1130114.1	0
"P0914_BA_130814"	2575890.8	1120674.3	0
"P1005_BA_130821"	2574116.3	1117679.4	1
